  5.8247676e-001
  4.7064173e+000
  2.0731441e+000
  3.3063841e+000
  3.3297322e+000
  5.4050315e+000
 -9.6356462e-001
 -2.2169349e+000
 -4.9084961e-001
 -3.6240410e+000
 -5.4783684e+000
 -4.1480808e+000
  1.8729749e+000
  7.9837990e-001
  3.7774193e-001
  5.1933018e+000
  4.6887277e+000
  2.1062434e+000
 -1.0718778e+000
  1.3235562e+000
 -6.1022556e-001
 -6.6762209e+000
 -4.1129155e+000
 -1.8536059e+000
 -1.2227071e+000
 -1.7432609e+000
  1.8942679e+000
  6.5369154e+000
  2.4580741e+000
  2.1008315e+000
  3.1264468e+000
  2.6471843e+000
 -2.2810793e+000
 -6.1129470e+000
 -1.2740989e+000
 -4.2987186e+000
 -3.8592219e+000
 -1.6246166e+000
  2.7411024e+000
  3.8512284e+000
  1.3748808e+000
  5.8970452e+000
  3.5384510e+000
  5.3052509e-001
 -1.6711482e+000
 -1.5994391e+000
 -1.9193267e+000
 -6.6420729e+000
 -2.2514568e+000
 -1.6466884e+000
 -5.4909769e-001
  9.8586290e-001
  3.3211972e+000
  6.7140095e+000
  1.9580695e+000
  8.3198516e-001
  1.2343608e+000
 -4.0693079e-001
 -3.2421417e+000
 -5.3882786e+000
 -1.2049067e+000
 -2.6053232e+000
 -2.8661699e+000
  1.0059060e+000
  3.7956957e+000
  3.8307930e+000
  1.0326356e+000
  5.2052937e+000
  2.1134387e+000
 -1.9088089e+000
 -2.3724263e+000
 -2.6965248e+000
 -1.9062591e+000
 -6.1850117e+000
 -6.8667943e-001
  2.4620797e+000
  2.8753720e-001
  2.3019600e+000
  2.8263983e+000
  6.7908449e+000
  7.8508541e-001
 -5.1156827e-001
  8.7375927e-001
 -1.9047118e+000
 -4.9165413e+000
 -5.4420235e+000
  2.1881800e-001
 -6.2892136e-001
 -1.8076577e+000
  3.5224874e+000
  4.7752250e+000
  2.8184564e+000
  1.2022112e+000
  2.6023310e+000
  1.5698380e+000
 -4.9501886e+000
 -3.3605842e+000
 -2.7203758e+000
 -2.1236173e+000
 -4.1117608e+000
 -6.3721438e-002
  4.6700836e+000
  1.4869318e+000
  2.7649300e+000
  4.3803545e+000
  4.2468531e+000
 -8.7452013e-001
 -3.9088942e+000
 -8.2362628e-001
 -4.4452238e+000
 -4.8866228e+000
 -3.3092534e+000
  1.7388913e+000
  1.7028790e+000
  1.6872225e-001
  5.6230770e+000
  4.2288283e+000
  2.5555410e+000
  1.9853629e-001
  1.2806179e+000
 -3.6843270e-001
 -6.9004208e+000
 -3.5679958e+000
 -2.0894381e+000
 -1.3971637e+000
 -1.8538426e+000
  2.9788826e+000
  5.9298981e+000
  1.4524176e+000
  1.4367600e+000
  2.5590779e+000
  1.7472430e+000
 -3.2312437e+000
 -3.9077548e+000
 -6.5296712e-001
 -3.8021026e+000
 -3.8081428e+000
 -2.8054061e+000
  3.5850602e+000
  3.0619352e+000
  5.0004123e-001
  4.7363661e+000
  4.0447387e+000
  1.6093243e+000
 -1.5625347e+000
 -8.9783951e-001
 -1.8432426e+000
 -6.3343294e+000
 -3.7941749e+000
  5.7930512e-002
  2.6308125e-001
  3.3231191e-001
  3.1297550e+000
  7.6449000e+000
  1.7670696e+000
  1.7654741e+000
  1.0955177e+000
  2.5511768e-002
 -3.0914597e+000
 -6.0551459e+000
 -1.4563934e+000
 -3.5282221e+000
 -2.3965433e+000
  9.8972137e-001
  3.9697300e+000
  3.4337741e+000
  1.6526139e+000
  4.5442826e+000
  3.0824638e+000
 -1.7040399e+000
 -3.0218880e+000
 -2.6210682e+000
 -2.4190647e+000
 -6.3430116e+000
 -1.1219799e+000
  2.0207151e+000
  6.4556973e-001
  3.0678352e+000
  3.2061176e+000
  6.4881105e+000
  1.6557806e-001
 -9.8708597e-001
  6.3555807e-001
 -2.2560196e+000
 -4.9269136e+000
 -5.2051681e+000
 -1.9974721e-001
 -1.1095436e+000
 -1.8461644e+000
  3.7316750e+000
  5.4990447e+000
  3.6414671e+000
 -2.7607074e-002
  3.9025367e+000
  1.5761145e+000
 -4.1637454e+000
 -4.4088079e+000
 -2.3533477e+000
 -2.3343717e+000
 -4.9982817e+000
 -3.5133440e-001
  4.5712125e+000
  2.3619218e+000
  3.2384163e+000
  3.5460404e+000
  5.4581804e+000
 -1.3145866e+000
 -3.0606932e+000
 -9.8240273e-001
 -3.8495639e+000
 -5.7208494e+000
 -3.4673483e+000
  6.9872900e-001
  1.0663831e+000
 -4.4083395e-001
  4.7540336e+000
  3.8118978e+000
  2.2941203e+000
 -3.3059491e-001
  1.0779921e+000
  1.8580304e-001
 -5.9542822e+000
 -4.8045088e+000
 -2.7988956e+000
 -1.2653856e+000
 -3.2633531e+000
  1.5394367e+000
  5.8619971e+000
  2.4239922e+000
  3.0509473e+000
  3.3888680e+000
  1.9841540e+000
 -2.7622676e+000
 -4.1992665e+000
 -2.1914163e-001
 -4.3287077e+000
 -3.9406744e+000
 -1.8513546e+000
  2.7615013e+000
  3.4307021e+000
  6.5379451e-001
  5.8281178e+000
  4.0177023e+000
  2.5343771e-001
 -2.0149815e+000
 -3.8091372e-001
 -2.2528985e+000
 -7.0984096e+000
 -3.7825621e+000
 -4.7226362e-001
  1.9836353e-001
  1.6098151e-001
  3.2026491e+000
  6.4880414e+000
  2.3850705e+000
  1.3052709e+000
  2.1341998e+000
  5.2446699e-001
 -3.7812887e+000
 -5.0963303e+000
 -8.2551745e-001
 -3.2032084e+000
 -3.2036250e+000
  1.1766426e+000
  4.5973061e+000
  4.5684987e+000
  6.1985483e-001
  4.8278834e+000
  1.9955388e+000
 -1.9313055e+000
 -2.4544302e+000
 -3.1451805e+000
 -3.6558433e+000
 -5.8104402e+000
 -9.2473718e-002
  2.2680035e+000
  1.3438198e+000
  2.4264949e+000
  4.2101615e+000
  7.3205452e+000
  1.3501255e+000
 -9.2890148e-001
  4.4528299e-001
 -2.6577424e+000
 -5.1837582e+000
 -4.7944252e+000
 -8.1129547e-003
 -3.3933652e-001
 -1.3467557e+000
  4.6231487e+000
  3.8058935e+000
  4.9711401e+000
 -1.3632369e-001
  2.5899354e+000
  1.0180598e+000
 -5.2843347e+000
 -3.4447156e+000
 -2.8578622e+000
 -1.3754445e+000
 -4.5952449e+000
  2.0923425e-001
  4.5166721e+000
  2.3876592e+000
  3.4465501e+000
  3.1818074e+000
  5.4403144e+000
 -1.1841463e+000
 -3.5711835e+000
 -1.1209289e+000
 -3.4623064e+000
 -4.8350065e+000
 -2.4454851e+000
  1.1507338e+000
  1.0471661e+000
  2.9470078e-001
  4.7837867e+000
  4.6176281e+000
  1.9903859e+000
  8.7858347e-002
  9.8261561e-001
 -1.2010364e+000
 -6.2419486e+000
 -3.9285874e+000
 -1.5900699e+000
 -5.1238341e-001
 -1.6709237e+000
  1.9415843e+000
  6.5591728e+000
  1.8741966e+000
  2.9537317e+000
  2.7399693e+000
  2.5167432e+000
 -2.7342092e+000
 -3.9870295e+000
 -1.0510075e+000
 -3.5013768e+000
 -4.0358880e+000
 -2.1196949e+000
  2.9248098e+000
  2.9486430e+000
  2.5619566e-001
  5.8776587e+000
  4.1357907e+000
  3.8259467e-001
 -1.0566137e+000
 -1.7196587e+000
 -2.2193441e+000
 -6.8509033e+000
 -2.8323205e+000
 -6.7888555e-001
 -1.3414289e-001
 -1.1653126e-001
  4.0374304e+000
  7.8217022e+000
  9.9020910e-001
  2.2905515e+000
  1.2971737e+000
 -7.1785358e-001
 -3.7225690e+000
 -5.9251183e+000
 -2.8164933e-001
 -2.4368236e+000
 -3.5401122e+000
  8.3516531e-001
  3.6382562e+000
  4.3477430e+000
  9.2052112e-001
  5.2773458e+000
  2.7593286e+000
 -2.5930993e+000
 -2.8689961e+000
 -3.1455663e+000
 -2.5723185e+000
 -5.4613906e+000
 -2.5197731e+000
  9.9250708e-001
  1.4404530e+000
  1.5069857e+000
  3.6600248e+000
  6.3992205e+000
  4.5405600e-001
 -1.1163938e+000
  3.4301943e-001
 -2.1766343e+000
 -5.0759432e+000
 -5.0705464e+000
 -4.0130709e-001
 -8.3175434e-001
 -1.6121890e+000
  4.3935959e+000
  4.8486560e+000
  4.8573471e+000
  7.8353741e-001
  3.5488911e+000
  1.6390163e+000
 -4.3398039e+000
 -3.8710920e+000
 -3.1868626e+000
 -2.5177705e+000
 -5.4216234e+000
  7.4998034e-002
  4.6640166e+000
  2.1628084e+000
  2.9769603e+000
  3.4694326e+000
  5.1253627e+000
 -7.9743761e-001
 -2.3128968e+000
 -2.0993772e-001
 -3.3246825e+000
 -5.4447360e+000
 -3.9275842e+000
  1.7473679e+000
  2.0348852e+000
 -7.6888834e-001
  5.4167824e+000
  5.7343530e+000
  2.8616395e+000
 -7.5099701e-001
  1.1185885e-001
 -6.2108324e-001
 -6.0900582e+000
 -3.6216723e+000
 -2.3742017e+000
 -1.1817581e+000
 -1.6789668e+000
  2.1574708e+000
  5.3812521e+000
  2.5896281e+000
  2.4667721e+000
  3.2215460e+000
  1.7792127e+000
 -2.0298444e+000
 -4.4270699e+000
 -1.5389450e+000
 -4.4328508e+000
 -3.1724426e+000
 -8.9235272e-001
  1.7770956e+000
  3.3043954e+000
  1.1478977e+000
  5.3102816e+000
  3.3629589e+000
  7.3904784e-001
 -2.3427116e+000
 -9.8729155e-001
 -1.7848707e+000
 -7.7175167e+000
 -2.6271893e+000
 -8.8193934e-001
 -2.5700628e-001
  1.3726693e+000
  2.9037486e+000
  6.7624213e+000
  2.2403680e+000
  1.9656691e+000
  1.4798064e+000
 -9.1226053e-001
 -4.4300987e+000
 -5.4984758e+000
 -1.0649825e+000
 -2.8595877e+000
 -2.1313450e+000
  1.9181744e+000
  3.5917087e+000
  3.6851464e+000
  1.4865428e+000
  5.1655187e+000
  3.0512481e+000
 -1.9206621e+000
 -3.7323846e+000
 -3.2319134e+000
 -2.5649680e+000
 -6.3261417e+000
 -1.6557552e+000
  1.9762225e+000
  8.8722674e-001
  2.4046543e+000
  3.7928377e+000
  6.1649463e+000
  3.9226551e-001
 -1.5222938e+000
  9.7479865e-001
 -2.1461798e+000
 -4.5128817e+000
 -5.8515034e+000
  1.3683692e-001
 -1.7447572e+000
 -1.1217665e+000
  4.0081126e+000
  5.2764625e+000
  4.6644379e+000
  1.0133611e+000
  2.5255209e+000
  1.4938195e+000
 -5.0694126e+000
 -4.2064113e+000
 -1.6867189e+000
 -2.1694762e+000
 -4.6372678e+000
  2.0971012e-001
  4.0216251e+000
  2.3220598e+000
  3.0587404e+000
  3.5995666e+000
  4.2510957e+000
 -9.4289347e-001
 -3.6719235e+000
 -1.4429780e-001
 -4.3488204e+000
 -5.0083515e+000
 -4.2890667e+000
  1.0313728e+000
  1.9382326e+000
  3.5425010e-001
  4.3121275e+000
  4.3313270e+000
  2.5688650e+000
 -9.5145106e-001
  6.5675310e-001
 -9.2441675e-001
 -5.7818239e+000
 -4.0189758e+000
 -2.9237301e+000
 -1.0539009e+000
 -2.6751460e+000
  1.7423579e+000
  6.8539047e+000
  2.3344667e+000
  3.1722126e+000
  3.0402661e+000
  1.8738601e+000
 -2.0359545e+000
 -5.7999664e+000
  3.3556585e-001
 -4.0441956e+000
 -3.6846288e+000
 -1.5840185e+000
  2.1688312e+000
  2.1113198e+000
  1.6550940e+000
  5.0247840e+000
  3.5955077e+000
  4.6732865e-001
 -2.3089440e+000
 -1.2309299e+000
 -1.7359921e+000
 -7.2052358e+000
 -2.8019130e+000
 -9.6315978e-001
 -3.4181556e-001
  8.3117754e-001
  3.0988695e+000
  7.0515807e+000
  2.3953352e+000
  1.5460640e+000
  1.6852734e+000
 -4.1583429e-001
 -3.6786433e+000
 -6.6509789e+000
 -1.0517282e+000
 -3.6661701e+000
 -2.4540297e+000
  1.8358025e+000
  4.5839109e+000
  3.6840616e+000
  8.7951773e-001
  5.5149777e+000
  2.7456660e+000
 -2.2667687e+000
 -3.0284746e+000
 -2.6870591e+000
 -1.8595550e+000
 -6.3910621e+000
 -2.1031522e+000
  2.0336858e+000
  1.2866693e+000
  2.2564661e+000
  4.0674924e+000
  7.5555210e+000
  1.1763700e+000
 -1.4805406e+000
  2.3159546e-001
 -3.7045548e+000
 -5.2060468e+000
 -4.7866685e+000
  7.1690836e-001
  4.1236393e-002
 -1.6573172e+000
  4.2240324e+000
  4.4682799e+000
  4.7413587e+000
  1.1971658e+000
  2.9260690e+000
 -1.9714327e-001
 -4.5977752e+000
 -4.2897477e+000
 -3.6726009e+000
 -2.2559303e+000
 -5.1541694e+000
  8.3115607e-001
  4.2649536e+000
  1.6319752e+000
  3.0918809e+000
  2.8801681e+000
  5.1403129e+000
 -1.3228097e+000
 -2.9227096e+000
 -7.1667625e-001
 -4.8591001e+000
 -5.2355131e+000
 -3.7323548e+000
  1.6966888e+000
  1.2920375e+000
  4.6928314e-001
  4.9153354e+000
  5.5017203e+000
  3.8552305e+000
  1.2827384e-001
  1.1403179e-001
 -3.7381181e-001
 -6.0980745e+000
 -3.9872046e+000
 -2.3278237e+000
 -1.5289357e+000
 -1.8930184e+000
  1.7459506e+000
  6.5194938e+000
  2.3035529e+000
  2.7703219e+000
  3.0698478e+000
  1.8643914e+000
 -3.5535320e+000
 -4.6598601e+000
 -1.3131676e+000
 -4.0649709e+000
 -3.6128732e+000
 -1.6775963e+000
  2.1462228e+000
  2.0069545e+000
  4.6458333e-001
  6.3383137e+000
  4.0216464e+000
  8.9783420e-001
 -9.5609920e-001
 -1.5879559e+000
 -1.4068827e+000
 -5.9883933e+000
 -3.6669525e+000
 -9.8762085e-001
 -1.5545437e-001
  5.1330764e-001
  2.5420158e+000
  6.4667256e+000
  5.6459911e-001
  4.6129744e-001
  1.7904264e+000
  2.6431947e-001
 -4.3268073e+000
 -4.7378528e+000
 -1.1236235e+000
 -3.5555570e+000
 -2.3395553e+000
  7.2525292e-001
  5.0908629e+000
  3.7445004e+000
  1.0157664e+000
  4.9140171e+000
  1.9250848e+000
 -1.6943039e+000
 -3.0767107e+000
 -1.6963325e+000
 -2.8385849e+000
 -6.1594391e+000
 -2.2670520e+000
  1.6278521e+000
  1.0943929e+000
  2.1460026e+000
  3.2427029e+000
  6.4753098e+000
  1.9278441e+000
 -1.0237143e+000
  4.0807909e-001
 -3.6452953e+000
 -4.1161326e+000
 -5.6649454e+000
 -6.0902962e-001
 -1.8169128e+000
 -8.2797858e-001
  3.9219105e+000
  3.7209994e+000
  4.8973106e+000
  3.3160326e-001
  2.7225729e+000
  6.9563767e-001
 -4.3641981e+000
 -4.0701325e+000
 -2.9385765e+000
 -1.6158601e+000
 -4.1571178e+000
  3.0507277e-001
  4.6322553e+000
  2.3459193e+000
  2.2453511e+000
  3.5020338e+000
  4.4436896e+000
 -3.2844094e-001
 -3.9430564e+000
 -6.5334198e-001
 -4.2950480e+000
 -4.6235420e+000
 -3.4738302e+000
  1.6571180e+000
  7.6332210e-001
 -2.4592930e-001
  4.8788791e+000
  5.2749417e+000
  2.7519952e+000
 -8.4828010e-001
  1.8093208e+000
 -6.5310408e-001
 -6.2690687e+000
 -4.0673021e+000
 -2.5470146e+000
 -8.3885898e-001
 -2.6330471e+000
  2.3456114e+000
  6.4244266e+000
  1.8980242e+000
  2.7178023e+000
  2.5546599e+000
  2.6039752e+000
 -2.3254931e+000
 -5.2550839e+000
 -1.2225090e+000
 -3.5868584e+000
 -4.2148943e+000
 -1.4802007e+000
  2.6126205e+000
  2.4169446e+000
  7.8660056e-001
  6.6326221e+000
  3.2066202e+000
  1.0727637e+000
 -1.1412108e+000
 -2.0984045e+000
 -1.3242788e+000
 -7.2392743e+000
 -2.6082900e+000
 -7.4603904e-001
  3.4906181e-001
  7.3613214e-001
  3.3432765e+000
  6.1451914e+000
  1.1657643e+000
  2.0018317e+000
  1.6922180e+000
 -1.7456325e+000
 -4.3891498e+000
 -5.7925354e+000
 -1.5306367e+000
 -2.3146331e+000
 -2.6145230e+000
  1.2959044e+000
  3.9639419e+000
  3.4120571e+000
  1.3747217e+000
  4.6308157e+000
  2.7979724e+000
 -1.5758951e+000
 -3.5912917e+000
 -2.5499015e+000
 -2.4581117e+000
 -6.4694079e+000
 -1.0958506e+000
  2.5001675e+000
  1.1892470e+000
  1.8683009e+000
  3.1397252e+000
  5.8934676e+000
  6.5057974e-001
 -2.1455679e-001
  9.6658373e-001
 -3.6586160e+000
 -5.0338356e+000
 -5.5034687e+000
  5.6242022e-001
 -1.7972061e+000
 -1.0699964e+000
  4.4547681e+000
  4.1490203e+000
  4.3567640e+000
  9.2150843e-001
  2.9682282e+000
  5.2511499e-001
 -4.6896988e+000
 -2.7844741e+000
 -3.1132103e+000
 -1.8728651e+000
 -4.1104442e+000
 -7.3713163e-001
  4.5270242e+000
  2.9184970e+000
  2.2464904e+000
  4.4917440e+000
  3.3737983e+000
 -1.4280840e+000
 -3.4654626e+000
 -1.9312773e-001
 -4.7080854e+000
 -4.1575738e+000
 -4.6477830e+000
  9.5720950e-001
  2.2206507e+000
 -3.2454334e-001
  6.3563542e+000
  3.6059232e+000
  2.2836311e+000
 -3.8328243e-001
  1.5188426e+000
  8.8975903e-001
 -5.3397026e+000
 -3.6753409e+000
 -2.9709598e+000
 -1.8719256e+000
 -2.5668202e+000
  1.9271641e+000
  6.1357035e+000
  1.6085941e+000
  2.8117560e+000
  1.9225046e+000
  2.3667984e+000
 -2.0669462e+000
 -4.2973992e+000
 -9.8249071e-001
 -4.5885655e+000
 -3.3785739e+000
 -1.5422978e+000
  2.7831218e+000
  2.1698879e+000
  2.8720824e-001
  6.1560133e+000
  4.5587847e+000
  2.9573535e-001
 -2.2053113e+000
 -1.1592145e+000
 -1.4431936e+000
 -7.7116249e+000
 -2.4093813e+000
 -1.4050916e-001
  4.8030053e-002
  2.2687859e-001
  2.2046306e+000
  6.3005928e+000
  1.1993045e+000
  8.8300630e-001
  2.0780375e+000
 -9.6857242e-002
 -3.2186454e+000
 -6.1411485e+000
 -1.7874367e+000
 -3.0619142e+000
 -2.5227056e+000
  1.7691847e+000
  3.5310125e+000
  3.3631965e+000
  1.4434676e+000
  5.0209521e+000
  2.0986131e+000
 -1.5956909e+000
 -3.1521889e+000
 -3.0257710e+000
 -2.1368743e+000
 -6.3632830e+000
 -2.2066693e+000
  2.5947335e+000
  1.0126686e+000
  2.1703224e+000
  3.3178837e+000
  6.5820862e+000
  9.6308685e-001
 -5.5754500e-001
 -4.3208700e-001
 -2.9291157e+000
 -4.9413145e+000
 -6.0437895e+000
  1.6536347e-003
 -1.1027878e+000
 -1.0590613e+000
  4.5292178e+000
  4.3172314e+000
  3.4318599e+000
  4.8798469e-001
  2.7492427e+000
  1.1326983e+000
 -4.0655303e+000
 -3.0111986e+000
 -3.5939663e+000
 -1.4585414e+000
 -3.3250999e+000
  8.1320258e-003
  3.7494614e+000
  1.2589442e+000
  3.1006476e+000
  3.9693113e+000
  4.0898962e+000
 -9.7547381e-001
 -2.3270727e+000
 -1.3890110e+000
 -4.1870489e+000
 -4.4252517e+000
 -4.4122811e+000
  9.6466998e-001
  7.7675449e-001
  2.1634775e-001
  5.4391627e+000
  5.5788173e+000
  2.6628852e+000
 -7.9014579e-001
  5.3710547e-001
  3.3973882e-001
 -5.2345564e+000
 -3.8442212e+000
 -2.4174301e+000
 -1.2054894e+000
 -2.4178522e+000
  1.1867638e+000
  5.6862790e+000
  1.8251321e+000
  2.3671669e+000
  2.0960508e+000
  2.2636984e+000
 -2.9813669e+000
 -5.4347365e+000
  1.1222708e-001
 -4.4532717e+000
 -3.6263235e+000
 -1.2487614e+000
  2.0068963e+000
  3.2154112e+000
  1.7505672e+000
  6.2584493e+000
  4.0336896e+000
  1.5623473e+000
 -2.0617196e+000
 -1.4438512e+000
 -9.2774605e-001
 -6.0691218e+000
 -3.4095795e+000
 -8.7653039e-001
  5.6648299e-001
  1.7836571e-001
  2.8620691e+000
  6.8792250e+000
  1.2550110e+000
  8.2227231e-001
  2.2976289e+000
 -1.1398728e+000
 -4.2369769e+000
 -5.5962122e+000
 -1.0722498e+000
 -3.2705088e+000
 -2.3680309e+000
  2.3342575e-001
  3.4779205e+000
  4.1783578e+000
  1.5033362e+000
  4.4430018e+000
  3.0834179e+000
 -2.4011896e+000
 -2.5208985e+000
 -3.7508498e+000
 -2.6475995e+000
 -5.5467541e+000
 -1.4077593e+000
  5.3089012e-001
  6.4214608e-001
  1.5107224e+000
  3.0131369e+000
  6.3407559e+000
  1.1460728e+000
 -1.5174116e+000
  1.4740708e+000
 -2.0380336e+000
 -4.7783151e+000
 -4.9982658e+000
 -4.5341149e-001
 -1.4419616e+000
 -1.1805201e+000
  3.7206810e+000
  4.1820569e+000
  4.7425993e+000
  3.0666428e-001
  4.0952972e+000
  1.2089102e+000
 -4.5770949e+000
 -3.8187408e+000
 -3.7444928e+000
 -1.4559251e+000
 -5.0303691e+000
 -9.3323514e-002
  3.3924867e+000
  1.5211751e+000
  3.4032974e+000
  3.7903948e+000
  4.2385628e+000
 -9.8937549e-001
 -3.1167808e+000
 -5.9462566e-001
 -4.5708977e+000
 -4.8764155e+000
 -3.5248521e+000
  2.2403032e+000
  1.1734196e+000
  1.8558956e+000
  4.8728197e+000
  5.3239209e+000
  3.1602441e+000
 -2.9079471e-001
  1.9539079e+000
 -1.1351133e+000
 -5.6473034e+000
 -3.5623174e+000
 -1.5362874e+000
 -1.5275055e+000
 -2.0443135e+000
  1.4659729e+000
  6.0283057e+000
  2.3003562e+000
  2.7666012e+000
  3.1175262e+000
  2.7671423e+000
 -3.0047698e+000
 -4.7164583e+000
 -1.0476592e+000
 -3.5190723e+000
 -4.7168507e+000
 -2.2300880e+000
  2.1249686e+000
  3.2950256e+000
  6.2214236e-001
  5.3305716e+000
  2.9067883e+000
  1.7293460e-001
 -2.1980378e+000
 -1.8618541e+000
 -1.2682678e+000
 -6.4986991e+000
 -3.7742003e+000
 -5.2346828e-001
 -1.4734355e-001
  3.1338205e-001
  3.9310908e+000
  6.7827881e+000
  6.2908213e-001
  9.7593495e-001
  2.0948998e+000
 -1.7956171e-001
 -3.7513922e+000
 -5.5671632e+000
 -2.0940054e+000
 -3.1800232e+000
 -3.2148917e+000
  1.5241257e+000
  4.4445452e+000
  3.6677610e+000
  7.5370429e-001
  5.0853200e+000
  2.9515835e+000
 -2.0498022e+000
 -2.9213482e+000
 -2.8635015e+000
 -2.2288880e+000
 -6.6222852e+000
 -5.5377119e-001
  1.7849684e+000
  1.9460560e+000
  2.5742514e+000
  3.5017340e+000
  6.2479109e+000
  7.6391877e-001
 -9.7157408e-001
  9.1739015e-001
 -2.1263730e+000
 -5.4099208e+000
 -5.5658571e+000
  4.5145740e-001
 -1.8162440e+000
 -2.0376774e+000
  3.5396275e+000
  4.3788171e+000
  4.2557764e+000
  8.2507245e-001
  2.5570871e+000
  2.5070006e-001
 -4.5643097e+000
 -3.6835812e+000
 -3.1623346e+000
 -2.5495708e+000
 -3.8988683e+000
 -1.9732863e-001
  4.0020836e+000
  1.5290675e+000
  3.2558153e+000
  3.9112100e+000
  4.4471364e+000
  9.4317751e-002
 -3.9668968e+000
 -8.5595261e-001
 -3.5153696e+000
 -5.1679998e+000
 -3.5953661e+000
  7.7934619e-001
  1.5802898e+000
 -1.4522993e-001
  5.0753221e+000
  4.3268903e+000
  2.7476975e+000
  5.6402304e-001
  2.5960805e-001
 -1.5493835e-001
 -7.0546435e+000
 -4.0279771e+000
 -2.7604919e+000
 -8.9389201e-001
 -2.5371144e+000
  1.3242934e+000
  6.3463834e+000
  3.2377638e+000
  1.9250770e+000
  2.0931553e+000
  1.9958142e+000
 -2.3435794e+000
 -4.5199688e+000
 -8.7783735e-001
 -4.3204639e+000
 -3.4622177e+000
 -1.1221358e+000
  2.6960603e+000
  3.0067085e+000
  1.0555826e+000
  5.9871128e+000
  4.7582169e+000
  2.7811281e-001
 -1.9383992e+000
 -1.4871322e+000
 -2.1162211e+000
 -7.1994078e+000
 -3.2250995e+000
  3.6832417e-001
  8.0669098e-001
 -7.8864576e-002
  3.0869703e+000
  5.6261601e+000
  2.4699023e+000
  1.3084865e+000
  1.5265690e+000
 -2.7174970e-001
 -4.1499466e+000
 -4.7560280e+000
 -1.4294474e+000
 -3.4465582e+000
 -2.1351472e+000
  1.3652140e+000
  4.7856846e+000
  4.0792965e+000
  1.3734484e+000
  4.6954883e+000
  3.4041357e+000
 -3.3758424e+000
 -3.4239046e+000
 -2.6309223e+000
 -1.8695523e+000
 -6.2788050e+000
 -1.4558226e+000
  1.7249578e+000
  1.3644399e+000
  1.9617981e+000
  4.7849372e+000
  6.2680104e+000
  6.7383585e-001
 -7.4335709e-001
  1.3446509e+000
 -2.8470280e+000
 -4.6262712e+000
 -6.2923474e+000
 -1.0448954e+000
 -1.2679968e+000
 -1.7239372e-001
  3.4940871e+000
  5.0223048e+000
  4.1976661e+000
  4.5716345e-001
  3.4120194e+000
  1.8764798e-001
 -3.9245260e+000
 -3.6295984e+000
 -3.0057733e+000
 -2.9664467e+000
 -3.8218509e+000
 -2.3467866e-001
  4.5663715e+000
  1.2770519e+000
  3.0670402e+000
  3.5761447e+000
  4.4808538e+000
 -2.2936009e+000
 -3.4988351e+000
 -3.6233430e-001
 -4.2843957e+000
 -4.9294591e+000
 -4.6908596e+000
  1.7336714e+000
  8.9807865e-001
 -1.9000223e-001
  5.2484180e+000
  5.2325340e+000
  3.1116111e+000
 -2.8586604e-001
  4.9508598e-001
 -1.3457513e+000
 -6.0259711e+000
 -4.1596597e+000
 -2.9228167e+000
 -1.2007794e+000
 -2.9447906e+000
  2.3670506e+000
  6.3221397e+000
  2.2057466e+000
  2.8204849e+000
  3.5533446e+000
  2.4972853e+000
 -2.5163460e+000
 -5.0496737e+000
 -1.1360362e+000
 -4.0043779e+000
 -4.1560152e+000
 -6.4505468e-001
  2.7368604e+000
  2.6999165e+000
  1.8125405e+000
  5.8808076e+000
  3.8255497e+000
  2.1760164e-001
 -1.9063575e+000
 -1.9728119e+000
 -1.9748524e+000
 -7.5166426e+000
 -3.1180969e+000
  1.8048541e-001
 -4.5999554e-001
 -1.7595734e-001
  3.2041395e+000
  8.0024514e+000
  8.8473661e-001
  1.2591915e+000
  1.4869553e+000
 -1.3411837e-001
 -3.9518876e+000
 -6.8118862e+000
 -3.6372465e-001
 -2.7726923e+000
 -2.1451377e+000
  2.0276816e+000
  3.2739031e+000
  4.1277655e+000
  8.4048706e-001
  4.9147262e+000
  2.4517872e+000
 -1.9773753e+000
 -2.0660839e+000
 -2.6070932e+000
 -1.7417714e+000
 -6.3285476e+000
 -1.5126363e+000
  2.3027437e+000
  2.2333949e+000
  2.7264736e+000
  4.2863114e+000
  5.4835847e+000
  1.4414801e+000
 -1.0359545e+000
 -7.9753779e-002
 -1.8711064e+000
 -4.8624173e+000
 -5.4766889e+000
 -6.2427403e-001
 -2.0555068e+000
 -1.2948454e+000
  3.5881070e+000
  3.7020322e+000
  4.2594766e+000
  1.2872646e-001
  2.9484222e+000
  5.2365884e-001
 -5.6718536e+000
 -3.6597793e+000
 -3.4213170e+000
 -2.3502515e+000
 -4.3125348e+000
 -6.6806636e-001
  4.0922633e+000
  2.1639707e+000
  3.2548697e+000
  3.1449422e+000
  4.1955251e+000
 -7.1573876e-001
 -2.8843948e+000
 -1.3351819e-001
 -3.4123915e+000
 -5.1058337e+000
 -5.1364480e+000
  1.0222745e+000
  1.0635363e+000
  2.2687549e-001
  5.6269909e+000
  4.9789141e+000
  2.8637138e+000
 -8.3498658e-001
  6.0727687e-001
 -5.5915788e-001
 -6.1670776e+000
 -3.5482680e+000
 -2.1353944e+000
 -8.8881513e-001
 -1.8106011e+000
  1.8077322e+000
  6.0680365e+000
  1.5714304e+000
  3.4215139e+000
  3.4899149e+000
  2.5245022e+000
 -2.6291864e+000
 -4.5426459e+000
 -5.0138896e-001
 -3.9096392e+000
 -4.5700686e+000
 -9.5913272e-001
  2.2583577e+000
  2.6936416e+000
  9.0023926e-001
  5.5466977e+000
  4.1429270e+000
  2.2129960e-001
 -1.3561767e+000
 -9.1911254e-001
 -2.1039540e+000
 -6.6620015e+000
 -2.5677458e+000
  1.0341314e-001
  1.1601555e+000
  8.0221420e-001
  4.4516871e+000
  6.9620084e+000
  1.9951767e+000
  1.7124912e-001
  2.7925183e+000
 -6.4001014e-001
 -3.9454017e+000
 -5.6637415e+000
 -6.2785824e-001
 -4.3170452e+000
 -2.2722639e+000
  1.1002975e+000
  4.2237653e+000
  3.8901227e+000
  5.7283586e-001
  4.2251922e+000
  2.0485889e+000
 -2.6744100e+000
 -3.9066540e+000
 -3.4409860e+000
 -1.6981907e+000
 -6.2024167e+000
 -2.0685237e+000
  1.5099554e+000
  1.2228073e+000
  1.9001965e+000
  3.9764488e+000
  7.2024019e+000
  5.7741444e-001
 -9.9393405e-001
  6.1990284e-001
 -2.5095586e+000
 -5.1758754e+000
 -5.1205563e+000
 -1.4791227e-001
 -7.2983651e-001
 -1.8180621e+000
  4.6787638e+000
  4.9185377e+000
  4.9233077e+000
  6.1392911e-001
  2.6542621e+000
  1.1487577e+000
 -4.7822559e+000
 -4.4253285e+000
 -3.3040759e+000
 -2.2600163e+000
 -4.0812704e+000
 -2.3142642e-001
  3.9543244e+000
  2.3418240e+000
  2.9741812e+000
  4.0224818e+000
  4.8030134e+000
 -9.7663750e-001
 -3.3353468e+000
 -1.2948252e-001
 -4.3504842e+000
 -4.5923608e+000
 -3.9373895e+000
  1.6806569e+000
  1.0994197e+000
 -5.6752013e-001
  5.5906859e+000
  5.2022396e+000
  1.4869631e+000
 -2.9360943e-001
  1.5079508e+000
 -6.4297877e-001
 -6.0475252e+000
 -4.1159754e+000
 -2.2177068e+000
 -9.4167792e-001
 -1.8760329e+000
  1.5124003e+000
  6.4983294e+000
  2.8913296e+000
  2.8894339e+000
  2.9463597e+000
  1.7223099e+000
 -2.2660788e+000
 -5.3196636e+000
 -7.6094897e-001
 -2.9972429e+000
 -4.5769227e+000
 -2.1840309e+000
  2.1740550e+000
  2.4928149e+000
  1.5916532e+000
  5.9901335e+000
  4.4587951e+000
  6.7389486e-001
 -1.8873394e+000
 -1.4757352e+000
 -1.7650909e+000
 -6.4005588e+000
 -3.2134427e+000
 -1.5146928e-001
 -6.0193367e-001
  7.2159489e-001
  3.0594597e+000
  6.5850085e+000
  1.7695873e+000
  1.0173667e+000
  8.1702976e-001
  2.7960685e-001
 -3.7815525e+000
 -5.0211278e+000
 -9.1977479e-001
 -2.1120459e+000
 -2.2833390e+000
  1.2136786e+000
  4.2157958e+000
  3.3426591e+000
  1.4303774e+000
  4.5660997e+000
  2.0524759e+000
 -1.7069035e+000
 -3.0255861e+000
 -1.8787582e+000
 -2.6569027e+000
 -6.3158843e+000
 -1.3992363e+000
  3.2606058e+000
  1.6441005e+000
  1.8731959e+000
  4.2677281e+000
  6.7953050e+000
  9.9956853e-001
 -3.3971508e-001
 -1.9907393e-001
 -3.4968184e+000
 -4.8504910e+000
 -5.8864837e+000
 -2.7821910e-001
 -9.3324970e-001
 -6.8043612e-001
  3.5160283e+000
  3.9231220e+000
  5.1262791e+000
  5.0167430e-001
  3.7057618e+000
  6.6952023e-001
 -3.8995271e+000
 -3.8443563e+000
 -3.6633466e+000
 -1.7503099e+000
 -4.8898051e+000
  1.2813661e-001
  3.9512909e+000
  1.6930183e+000
  3.3777987e+000
  4.6080920e+000
  5.3560132e+000
 -6.6150013e-001
 -3.2673832e+000
 -7.1121555e-001
 -4.1046072e+000
 -4.8252083e+000
 -4.2984572e+000
  1.5114708e+000
  1.4021774e+000
  1.5668448e-001
  5.6520732e+000
  5.1979577e+000
  3.9855873e+000
 -1.8906719e-001
  1.3156165e+000
 -6.2501318e-001
 -6.7481253e+000
 -4.3148178e+000
 -2.6138721e+000
 -1.8727491e+000
 -2.8952061e+000
  6.2379299e-001
  5.7362519e+000
  2.2090950e+000
  2.0113270e+000
  2.7194457e+000
  2.7011344e+000
 -2.1102611e+000
 -4.1664069e+000
 -1.6162378e+000
 -4.0410364e+000
 -4.8423884e+000
 -1.0992933e+000
  2.2679087e+000
  3.2976090e+000
  9.3363195e-001
  6.5433858e+000
  4.3447657e+000
  8.0835793e-003
 -2.0091711e+000
 -1.9932421e+000
 -2.1007506e+000
 -6.5632744e+000
 -2.7991563e+000
  4.0381792e-001
 -3.5767331e-001
  6.7771270e-001
  3.7477578e+000
  6.9338501e+000
  2.0636280e+000
  2.0985481e+000
  1.7387264e+000
 -1.7234166e+000
 -4.7707184e+000
 -5.9511753e+000
 -7.2713302e-002
 -2.4373795e+000
 -2.9014536e+000
  1.2239118e+000
  3.1846409e+000
  4.9423907e+000
  1.8847632e+000
  5.1981861e+000
  2.2619130e+000
 -2.5066799e+000
 -2.4268794e+000
 -2.8414001e+000
 -2.8587892e+000
 -6.3047316e+000
 -2.2629165e+000
  1.9895453e+000
  1.2527346e+000
  1.9633811e+000
  3.4767974e+000
  5.9644656e+000
  7.8792962e-001
 -1.1510341e+000
  1.1406145e+000
 -2.4501654e+000
 -5.3751879e+000
 -5.6660749e+000
 -5.8481240e-001
 -1.8343016e+000
 -2.1022152e+000
  3.3590058e+000
  4.7593438e+000
  3.7234534e+000
  1.7062195e+000
  3.3103113e+000
  1.4330086e+000
 -4.3923469e+000
 -3.9814697e+000
 -2.8605712e+000
 -1.1138312e+000
 -4.4892786e+000
 -5.4830308e-001
  4.9925907e+000
  2.2517342e+000
  3.4165162e+000
  4.1078375e+000
  5.5866534e+000
 -1.1624159e+000
 -3.1307688e+000
 -2.7536140e-001
 -3.3239194e+000
 -5.0626319e+000
 -4.6821636e+000
  1.2940495e+000
  8.1786816e-001
  6.4741934e-001
  4.8221779e+000
  4.1378877e+000
  2.9757354e+000
 -1.0716610e+000
  9.4918201e-001
 -4.7369874e-001
 -4.4398517e+000
 -3.0698221e+000
 -1.8278493e+000
 -1.7076188e+000
 -3.0083425e+000
  2.1576512e+000
  7.5114300e+000
  1.4353386e+000
  2.6629751e+000
  2.7087982e+000
  2.5210176e+000
 -2.0967925e+000
 -4.5742241e+000
 -8.9671687e-001
 -4.2893479e+000
 -3.7340764e+000
 -1.6312005e+000
  2.9980140e+000
  2.3914931e+000
  8.5009949e-001
  5.7564608e+000
  4.0510266e+000
  7.5209184e-001
 -1.6327659e+000
 -1.4303859e+000
 -1.1540524e+000
 -7.0637389e+000
 -2.8798620e+000
 -1.4802522e+000
  9.4361669e-001
  5.2950183e-001
  3.2373321e+000
  7.3384718e+000
  1.6598466e+000
  1.1187838e+000
  2.0681235e+000
 -2.8290367e-001
 -3.7857234e+000
 -5.7959171e+000
 -1.3866044e+000
 -2.8097777e+000
 -3.2539347e+000
  1.4420634e+000
  3.7954454e+000
  3.8078899e+000
  1.2029101e+000
  4.6788632e+000
  2.1391621e+000
 -1.6962376e+000
 -3.4885240e+000
 -2.7912784e+000
 -3.0754528e+000
 -6.5836603e+000
 -2.0240169e+000
  1.9719716e+000
  1.5235446e+000
  1.8830700e+000
  4.4335955e+000
  6.4269198e+000
  4.7768939e-001
 -1.0171517e+000
  1.3118120e+000
 -3.2076656e+000
 -3.9680172e+000
 -4.9699965e+000
 -1.2628535e-001
 -9.9950981e-001
 -2.1151852e+000
  3.4506297e+000
  4.5287445e+000
  4.6412107e+000
  1.2911269e+000
  3.4484817e+000
  5.5086595e-001
 -5.1647357e+000
 -3.6824303e+000
 -3.2874834e+000
 -1.5810881e+000
 -4.1473701e+000
 -4.6151048e-002
  4.7342232e+000
  1.8111213e+000
  2.1931908e+000
  3.8875494e+000
  5.1732760e+000
 -7.8901611e-002
 -3.1430057e+000
  1.2874892e+000
 -5.0559619e+000
 -4.8735251e+000
 -4.1687164e+000
  1.4226171e+000
  5.8172099e-001
  2.4965384e-001
  5.0349989e+000
  4.3782631e+000
  2.5592800e+000
 -3.7743097e-001
  6.3988240e-001
 -9.5578696e-001
 -6.1138274e+000
 -4.0649136e+000
 -3.2304071e+000
 -7.5234236e-001
 -2.7845557e+000
  1.5101434e+000
  6.3030105e+000
  2.5930839e+000
  1.6890414e+000
  2.6800391e+000
  1.5620239e+000
 -1.7808254e+000
 -4.9749476e+000
 -5.9698196e-001
 -4.3643508e+000
 -4.2412191e+000
 -1.2184576e+000
  3.2444810e+000
  3.0744087e+000
  1.1833378e+000
  6.3061983e+000
  3.9622847e+000
 -1.2913093e-001
 -1.6943298e+000
 -2.0460134e+000
 -1.5612370e+000
 -6.2631734e+000
 -2.7996900e+000
 -3.1600899e-001
  6.5286886e-001
  8.7066777e-002
  3.3196395e+000
  6.3743676e+000
  1.7189092e+000
  1.0810901e+000
  1.1633227e+000
 -1.1973771e+000
 -3.5411787e+000
 -5.3955448e+000
 -1.6626216e+000
 -2.9944552e+000
 -2.9531977e+000
  1.8573183e+000
  3.7618379e+000
  3.8892401e+000
  1.2995369e+000
  4.8510907e+000
  2.5237044e+000
 -2.6784515e+000
 -3.7719951e+000
 -2.1868252e+000
 -2.4684480e+000
 -7.0324010e+000
 -1.5499032e+000
  3.0773487e+000
  1.3232329e+000
  2.6519764e+000
  3.8392947e+000
  6.4784793e+000
  7.6054007e-001
 -8.3255584e-001
 -1.0456105e-001
 -2.2335843e+000
 -5.1696280e+000
 -4.9077545e+000
  2.9642066e-001
 -1.2261421e+000
 -6.9292824e-001
  4.0473195e+000
  4.9969094e+000
  3.5342063e+000
  6.7226662e-001
  2.6362112e+000
  1.4840205e+000
 -4.9434235e+000
 -3.5255809e+000
 -3.0505181e+000
 -1.8628092e+000
 -4.6786006e+000
  6.4103938e-001
  4.1378461e+000
  1.9757462e+000
  3.8554299e+000
  2.9308868e+000
  3.8727440e+000
 -7.6626307e-001
 -2.3454143e+000
 -1.2244697e+000
 -4.0362248e+000
 -4.5582616e+000
 -3.9344349e+000
  2.7222464e-001
  1.2077628e+000
 -4.9892716e-001
  5.6149862e+000
  5.5005594e+000
  2.3102462e+000
  7.0550359e-002
  3.3487903e-001
 -1.7108197e+000
 -5.9798100e+000
 -4.4526646e+000
 -9.7864867e-001
 -1.0785837e+000
 -2.3821605e+000
  1.4728557e+000
  5.1977392e+000
  2.3780650e+000
  2.6172324e+000
  2.3915647e+000
  1.5352251e+000
 -2.2852338e+000
 -4.5134598e+000
 -1.8296181e+000
 -3.7229074e+000
 -4.1510624e+000
 -1.1154111e+000
  3.1870485e+000
  3.0002144e+000
  1.1040901e+000
  5.7118029e+000
  4.0520035e+000
  9.3081932e-001
 -2.4860356e+000
 -2.0524868e+000
 -2.3651410e+000
 -6.7520612e+000
 -2.9168670e+000
 -6.4173646e-002
 -3.1928196e-001
  5.2190684e-001
  3.2393242e+000
  7.1560502e+000
  2.4880849e+000
  1.3453322e+000
  1.4887506e+000
 -5.9162544e-001
 -3.4738489e+000
 -4.8387832e+000
 -9.3588334e-001
 -3.0803626e+000
 -2.5115374e+000
  1.4710307e+000
  4.0828634e+000
  5.1137116e+000
  1.2616921e+000
  4.8498225e+000
  2.4679526e+000
 -2.7560943e+000
 -3.2744743e+000
 -3.3317324e+000
 -2.2907170e+000
 -6.1986928e+000
 -1.4346047e+000
  3.3548858e+000
  1.2235889e+000
  1.9078487e+000
  3.3558517e+000
  6.0182580e+000
  1.2465552e+000
 -8.8133540e-001
  7.0437909e-001
 -2.7089338e+000
 -3.9120767e+000
 -5.7095386e+000
 -9.9039693e-001
 -5.9897445e-001
 -5.0028727e-001
  4.8999605e+000
  4.7766479e+000
  4.4123167e+000
  5.6305988e-001
  3.2098056e+000
  1.5508737e+000
 -4.7590014e+000
 -3.0811575e+000
 -2.2729412e+000
 -1.7520700e+000
 -3.6226513e+000
 -6.5732758e-001
  4.1988092e+000
  2.1281320e+000
  2.8171819e+000
  4.2256686e+000
  4.8180122e+000
 -6.7298420e-001
 -3.5483554e+000
 -7.3100920e-001
 -3.7730702e+000
 -4.8484895e+000
 -3.9757410e+000
  6.0279535e-001
  1.3049941e+000
  6.1673042e-001
  5.2408485e+000
  4.9765998e+000
  2.8353848e+000
 -5.0044210e-001
  1.2657406e+000
 -2.2859536e-001
 -6.2124500e+000
 -4.0857249e+000
 -2.5663470e+000
 -1.2838922e+000
 -1.7370442e+000
  2.8137249e+000
  6.1854790e+000
  1.5595583e+000
  2.6717752e+000
  2.1828701e+000
  1.5279235e+000
 -1.9322901e+000
 -5.5696889e+000
 -1.2682856e+000
 -2.9739393e+000
 -4.1972370e+000
 -1.4285894e+000
  2.7601527e+000
  4.0586142e+000
  1.4167736e+000
  6.0444392e+000
  4.3365705e+000
  4.2557543e-001
 -2.0863638e+000
 -1.3313724e+000
 -1.8711908e+000
 -6.8978387e+000
 -2.8376665e+000
 -1.3735483e+000
  1.4870438e-001
  8.0909857e-001
  2.6762767e+000
  7.1794605e+000
  2.5589015e+000
  2.3461233e-001
  1.6888600e+000
  1.8700842e-001
 -4.1500672e+000
 -6.4833273e+000
 -7.4722479e-001
 -2.8345498e+000
 -2.3919781e+000
  1.7080069e+000
  4.0437406e+000
  3.9311992e+000
  7.7368294e-001
  4.5696116e+000
  2.1319160e+000
 -1.6325910e+000
 -2.5642309e+000
 -3.0529444e+000
 -2.3391721e+000
 -7.1488328e+000
 -2.1531865e+000
  1.3662632e+000
 -6.6610600e-002
  1.5926458e+000
  3.7269901e+000
  6.6655865e+000
 -3.1319308e-001
 -1.2733283e+000
  3.0427953e-001
 -2.5371441e+000
 -4.5277397e+000
 -5.4925532e+000
 -7.1360038e-001
 -4.1435642e-001
 -1.0986227e+000
  4.4418312e+000
  4.6302403e+000
  3.6740822e+000
  5.1547259e-001
  3.3988476e+000
  1.0248916e+000
 -5.1803433e+000
 -3.5350391e+000
 -3.5658739e+000
 -2.2073977e+000
 -4.5469374e+000
 -1.8110916e-001
