  6.1577804e+000
  3.6119586e-002
  2.5247563e+000
  2.8707380e+000
  2.4396120e+000
  8.1194378e-002
  1.6623473e+000
  9.3169606e-001
 -1.1817165e+001
  2.3305758e+000
  4.6855988e+000
  2.6978870e-001
 -2.0121121e+000
  4.3322456e+000
 -2.4767259e+000
 -4.3655540e+000
  1.3364621e+000
  5.3424159e+000
 -5.4867604e+000
 -4.6591190e+000
  6.5809168e+000
  3.7893589e+000
  2.9050497e+000
  4.5352617e+000
  4.6618443e+000
  4.4215153e+000
  4.4344356e-001
  5.6065836e+000
 -4.5432789e+000
  4.1380036e+000
 -6.3616713e+000
 -3.4918584e+000
  5.1320827e+000
  3.0130551e+000
 -2.1591254e+000
  3.5692421e-002
 -4.0775066e-001
  1.6207205e+000
  1.1111380e+000
  4.6949471e+000
  4.0699833e-001
  4.4841157e+000
 -2.5441987e+000
 -9.3325506e+000
  5.9692719e-001
  1.8247410e+000
 -9.8312502e+000
  2.9685711e+000
  8.5579680e+000
 -2.1505274e+000
 -1.6872813e+000
 -3.1984961e-001
  2.6845686e+000
  7.5088564e+000
  7.3700436e+000
 -1.8424790e+000
 -1.7119484e+000
 -9.9347973e-001
  1.6910816e+000
  2.1277527e+000
  1.1349996e+000
  4.5307352e-001
 -2.4996362e+000
  6.1033624e+000
  2.9942489e-002
  8.7341989e-001
  3.8940721e-001
 -9.3603258e-002
  5.0839965e+000
 -1.0957911e-001
 -3.7103908e+000
 -3.2066351e+000
 -3.9407742e+000
 -6.5010463e+000
 -4.3721229e+000
  3.5965055e+000
  4.7163237e+000
  4.0112405e+000
  5.3112294e+000
 -5.9874389e+000
  5.7715517e-002
  2.5329721e+000
  5.5422543e+000
  4.6243069e+000
 -4.4126013e-001
  1.7668139e+000
  5.1849669e+000
 -1.1847890e+001
  1.5104073e+000
  3.9177278e-001
  2.1601158e+000
  1.0173410e+000
  6.7286020e+000
  6.9935616e+000
  2.0556489e-001
 -2.7657250e+000
  2.8024900e-001
  5.3194061e-001
 -6.8322492e-001
 -3.7820185e+000
