  7.6981862e-003
  1.5867701e-002
  3.4572111e-002
  4.7044616e-002
  4.7464514e-002
  5.0083984e-002
  5.3461635e-002
  6.0564328e-002
  6.6842238e-002
  7.2685883e-002
  7.3749075e-002
  9.0732895e-002
  9.1964891e-002
  1.2536538e-001
  1.5371998e-001
  1.6650720e-001
  1.7832770e-001
  2.1895919e-001
  2.3319488e-001
  2.3777443e-001
  2.4703889e-001
  2.6245299e-001
  2.6614451e-001
  2.6931727e-001
  2.7270997e-001
  2.7490684e-001
  2.7708180e-001
  2.8721237e-001
  3.0632183e-001
  3.1903294e-001
  3.2823423e-001
  3.5101525e-001
  3.5926498e-001
  3.6533867e-001
  3.8341565e-001
  3.8350208e-001
  3.8414215e-001
  4.1208077e-001
  4.1539462e-001
  4.1599936e-001
  4.1748597e-001
  4.3641141e-001
  4.6444582e-001
  4.6791737e-001
  4.7773177e-001
  4.8651738e-001
  4.9397668e-001
  5.0070709e-001
  5.0452289e-001
  5.1327370e-001
  5.1629196e-001
  5.1941637e-001
  5.2692878e-001
  5.2970019e-001
  5.2974739e-001
  5.3730398e-001
  5.8897664e-001
  5.9111358e-001
  6.2954342e-001
  6.3163472e-001
  6.3263857e-001
  6.5151857e-001
  6.5391896e-001
  6.7114938e-001
  6.7886472e-001
  6.7929641e-001
  6.8677271e-001
  6.8845530e-001
  7.0119059e-001
  7.2266040e-001
  7.2541200e-001
  7.3608188e-001
  7.3622451e-001
  7.5335583e-001
  7.5641049e-001
  7.6151426e-001
  7.6219804e-001
  7.6649478e-001
  7.7020455e-001
  8.2781730e-001
  8.3096535e-001
  8.4151064e-001
  8.4598156e-001
  8.4616689e-001
  8.6824713e-001
  8.8470713e-001
  8.8857221e-001
  8.9765629e-001
  9.0465309e-001
  9.0920810e-001
  9.1032083e-001
  9.1381744e-001
  9.3043649e-001
  9.3469290e-001
  9.4097995e-001
  9.4776425e-001
  9.8255029e-001
  9.8664211e-001
  9.9103739e-001
  9.9945788e-001
